98211	57978	108440	197855	201078	144788	118406	123286	95864	156367	116916	76590	
87207	91073	129358	204011	212225	154693	125842	160144	125001	180825	135533	111005	
121771	104222	128240	224604	250413	156756	112163	157543	135919	181009	126329	114046	
149284	84120	117214	191821	241942	150160	121547	132532	141220	193353	143253	137967	
173494	106219	126322	189050	122714	136592	110571	127533	127885	167955	117826	113774	
131569	114212	128152	169543	206562	117040	130925	162638	154329	202538	134465	133388	
132209	131882	145758	193016	211106	146714	126041	129298	134625	173600	124724	118401	
128465	115528	145626	250137	205007	142277	101257	123318	144931	174036	127040	101111	
112264	85830	124284	170803	183396	129395	93456	107067	123516	156271	113040	99232	
86112	113755	124899	157455	172633	128886	70862	80284	76662	123413	84792	79599
